make: NIKON CORPORATION
model: NIKON 1 J1
clean_make: Nikon
clean_model: 1 J1
width: 3904
height: 2606
cpp: 1
wb_coeffs: [1.4453125, 1.0, 1.8320313, NaN]
whitelevels: [3300, 3300, 3300, 3300]
blacklevels: [0, 0, 0, 0]
xyz_to_cam: [[8994.0, -2667.0, -865.0], [-4594.0, 12324.0, 2552.0], [-699.0, 1786.0, 6260.0], [0.0, 0.0, 0.0]]
cfa: RGGB
crops: [0, 0, 2, 0]
blackareas: []
orientation: Normal
sha256data: 90fa062aa235913c2998f9bd37769d284b22260d80f4784e252e8a3ad4fd815f
